../../.git/annex/objects/41/Q5/MD5E-s3495--55757327ee9eea38ed98c40f17717d28.tsv/MD5E-s3495--55757327ee9eea38ed98c40f17717d28.tsv